[24, 0, 1, 2, 3, 18, 4, 18, 5, 6, 25, -58.407178051467],
[24, 19, 1, 2, 3, 18, 4, 18, 5, 6, 25, -59.455715093088514],
[24, 2, 3, 18, 4, 18, 5, 6, 25, -39.754151979072745],
[24, 8, 3, 18, 4, 18, 5, 6, 25, -39.80403337977314],
[24, 8, 9, 18, 4, 18, 5, 6, 25, -52.434767466887855],
[24, 16, 0, 18, 4, 18, 5, 6, 25, -54.34020871578131],
[24, 16, 0, 19, 1, 2, 3, 18, 4, 18, 5, 6, 25, -76.94428109077145],
[24, 8, 9, 19, 1, 2, 3, 18, 4, 18, 5, 6, 25, -77.132880182979],
[24, 8, 8, 8, 9, 19, 1, 20, 1, 19, 1, 2, 18, 4, 18, 5, 6, 25, -138.52973619808222],
[24, 8, 8, 8, 9, 19, 1, 20, 1, 19, 1, 9, 18, 4, 18, 5, 6, 25, -139.3362470686313],
[24, 0, 19, 2, 3, 18, 4, 18, 5, 6, 25, -57.933602617797774],
[24, 1, 2, 2, 3, 18, 4, 18, 5, 6, 25, -60.35340071384975],
[24, 0, 19, 1, 2, 2, 3, 18, 4, 18, 5, 6, 25, -67.23603253597994],
[24, 9, 19, 1, 2, 2, 3, 18, 4, 18, 5, 6, 25, -69.78802605717944],
[24, 0, 19, 1, 2, 3, 18, 4, 18, 5, 6, 25, -55.29652777494088],
[24, 9, 19, 1, 2, 3, 18, 4, 18, 5, 6, 25, -57.84852129614037],
[24, 0, 19, 1, 2, 3, 18, 4, 4, 18, 5, 6, 25, -67.16051205107227],
[24, 9, 19, 1, 2, 3, 18, 4, 4, 18, 5, 6, 25, -69.71250557227177],
[24, 8, 8, 9, 18, 2, 3, 4, 18, 4, 18, 5, 6, 25, -86.18266981585235],
[24, 8, 8, 9, 18, 1, 2, 3, 18, 4, 18, 5, 6, 25, -86.81488414693297],
[24, 1, 2, 3, 18, 4, 18, 5, 6, 25, -41.4564619663574],
[24, 10, 2, 3, 18, 4, 18, 5, 6, 25, -43.117616590030366],
[24, 0, 19, 1, 2, 3, 18, 4, 4, 18, 5, 6, 25, -66.34472246856906],
[24, 9, 19, 1, 2, 3, 18, 4, 4, 18, 5, 6, 25, -68.89671598976855],
[24, 0, 19, 1, 2, 3, 18, 4, 18, 5, 6, 25, -58.89034807054728],
[24, 9, 19, 1, 2, 3, 18, 4, 18, 5, 6, 25, -61.442341591746775],
[24, 8, 9, 18, 4, 18, 5, 6, 25, -49.14004393438609],
[24, 16, 0, 18, 4, 18, 5, 6, 25, -51.045485183279546],
[24, 0, 18, 1, 20, 1, 2, 3, 18, 4, 18, 5, 6, 25, -68.186353239099],
[24, 9, 18, 1, 20, 1, 2, 3, 18, 4, 18, 5, 6, 25, -68.6443064191975],
[24, 8, 9, 15, 9, 18, 1, 20, 1, 2, 3, 18, 4, 18, 5, 6, 25, -97.73059571252817],
[24, 8, 8, 8, 9, 18, 1, 20, 1, 2, 3, 18, 4, 18, 5, 6, 25, -98.69053948839428],
[24, 0, 18, 4, 4, 18, 2, 3, 18, 4, 18, 5, 6, 25, -80.04925807202758],
[24, 9, 18, 4, 4, 18, 2, 3, 18, 4, 18, 5, 6, 25, -80.5072112521261],
[24, 0, 19, 1, 2, 2, 3, 18, 4, 4, 18, 5, 6, 25, -83.99455458864036],
[24, 9, 19, 1, 2, 2, 3, 18, 4, 4, 18, 5, 6, 25, -86.54654810983985],
[24, 0, 1, 2, 3, 18, 4, 18, 5, 6, 25, -61.07773654305999],
[24, 1, 2, 2, 3, 18, 4, 18, 5, 6, 25, -61.636961094963155],
[24, 1, 2, 2, 3, 18, 4, 18, 5, 6, 25, -58.339645642258155],
[24, 8, 9, 2, 3, 18, 4, 18, 5, 6, 25, -59.88324075723704],
[24, 0, 19, 1, 2, 3, 18, 4, 18, 5, 6, 25, -55.007833199284136],
[24, 9, 19, 1, 2, 3, 18, 4, 18, 5, 6, 25, -57.55982672048362],
[24, 8, 9, 18, 4, 18, 5, 6, 25, -51.32683245956923],
[24, 16, 0, 18, 4, 18, 5, 6, 25, -53.23227370846268],
[24, 0, 19, 1, 2, 3, 18, 4, 4, 18, 5, 6, 25, -66.72901286917302],
[24, 9, 19, 1, 2, 3, 18, 4, 4, 18, 5, 6, 25, -69.28100639037251],
[24, 0, 19, 1, 2, 3, 18, 4, 4, 18, 5, 6, 25, -60.04747713376548],
[24, 9, 19, 1, 2, 3, 18, 4, 4, 18, 5, 6, 25, -62.599470654964975],
[24, 0, 19, 1, 2, 3, 18, 4, 18, 5, 6, 25, -54.01241453115328],
[24, 9, 19, 1, 2, 3, 18, 4, 18, 5, 6, 25, -56.564408052352775],
[24, 0, 19, 1, 2, 3, 18, 4, 4, 18, 5, 6, 25, -63.742526375138006],
[24, 9, 19, 1, 2, 3, 18, 4, 4, 18, 5, 6, 25, -66.29451989633749],
[24, 0, 19, 1, 2, 3, 18, 4, 18, 5, 6, 25, -56.368526026271006],
[24, 9, 19, 1, 2, 3, 18, 4, 18, 5, 6, 25, -58.9205195474705],
[24, 0, 19, 1, 18, 4, 18, 5, 6, 25, -53.6343020429981],
[24, 8, 8, 9, 18, 4, 18, 5, 6, 25, -53.642157063913636],
[24, 16, 0, 19, 1, 2, 3, 18, 4, 18, 5, 6, 25, -79.91942625196758],
[24, 8, 9, 19, 1, 2, 3, 18, 4, 18, 5, 6, 25, -80.10802534417512],
[24, 2, 3, 18, 4, 18, 5, 6, 25, -42.6094010353643],
[24, 8, 3, 18, 4, 18, 5, 6, 25, -42.659282436064686],
[24, 2, 3, 18, 4, 18, 5, 6, 25, -40.142775587458786],
[24, 8, 3, 18, 4, 18, 5, 6, 25, -40.19265698815918],
[24, 0, 19, 1, 2, 3, 18, 4, 18, 5, 6, 25, -55.86786604191135],
[24, 9, 19, 1, 2, 3, 18, 4, 18, 5, 6, 25, -58.41985956311084],
[24, 0, 19, 1, 2, 2, 3, 18, 4, 18, 5, 6, 25, -66.52089664682067],
[24, 9, 19, 1, 2, 2, 3, 18, 4, 18, 5, 6, 25, -69.07289016802015],
[24, 8, 8, 9, 18, 4, 18, 5, 6, 25, -56.426409954381135],
[24, 1, 2, 3, 18, 4, 18, 5, 6, 25, -57.24562025107299],
[24, 16, 0, 19, 1, 2, 3, 18, 4, 18, 5, 6, 25, -67.20645744850664],
[24, 8, 9, 19, 1, 2, 3, 18, 4, 18, 5, 6, 25, -67.30804516372454],
[24, 0, 19, 1, 2, 3, 18, 4, 18, 5, 6, 25, -59.734255091117745],
[24, 9, 19, 1, 2, 3, 18, 4, 18, 5, 6, 25, -62.28624861231724],
[24, 0, 19, 1, 2, 3, 18, 4, 18, 5, 6, 25, -59.660708009813646],
[24, 9, 19, 1, 2, 3, 18, 4, 18, 5, 6, 25, -62.21270153101313],
[24, 0, 19, 1, 2, 3, 18, 4, 18, 5, 6, 25, -58.58691230104886],
[24, 9, 19, 1, 2, 3, 18, 4, 18, 5, 6, 25, -61.138905822248354],
[24, 8, 9, 19, 1, 2, 3, 18, 4, 4, 18, 5, 6, 25, -68.4581050631668],
[24, 16, 0, 19, 1, 2, 3, 18, 4, 4, 18, 5, 6, 25, -68.86734297171488],
[24, 0, 19, 1, 2, 3, 18, 4, 18, 5, 6, 25, -60.469233711801564],
[24, 9, 19, 1, 2, 3, 18, 4, 18, 5, 6, 25, -63.021227233001056],
[24, 0, 19, 1, 20, 1, 2, 3, 18, 4, 18, 5, 6, 25, -73.3653081056723],
[24, 8, 9, 1, 20, 1, 2, 3, 18, 4, 18, 5, 6, 25, -74.69029354865671],
[24, 2, 3, 18, 4, 18, 5, 6, 25, -45.10756137449559],
[24, 8, 3, 18, 4, 18, 5, 6, 25, -45.15744277519598],
[24, 0, 19, 1, 2, 3, 18, 4, 18, 5, 6, 25, -65.03576798447783],
[24, 9, 19, 1, 2, 3, 18, 4, 18, 5, 6, 25, -67.58776150567732],
[24, 0, 19, 1, 2, 3, 18, 4, 18, 5, 6, 25, -68.27271208901884],
[24, 9, 19, 1, 2, 3, 18, 4, 18, 5, 6, 25, -70.82470561021833],
[24, 0, 19, 1, 2, 3, 18, 4, 18, 5, 6, 25, -60.08642575641911],
[24, 9, 19, 1, 2, 3, 18, 4, 18, 5, 6, 25, -62.6384192776186],
[24, 8, 8, 9, 18, 4, 18, 5, 6, 25, -54.962045513474024],
[24, 1, 2, 3, 18, 4, 18, 5, 6, 25, -55.781255810165874],
[24, 0, 19, 1, 2, 3, 18, 4, 18, 5, 6, 25, -52.55355100588994],
[24, 9, 19, 1, 2, 3, 18, 4, 18, 5, 6, 25, -55.10554452708943],
[24, 0, 19, 1, 2, 3, 18, 4, 18, 5, 6, 25, -59.4453337192611],
[24, 9, 19, 1, 2, 3, 18, 4, 18, 5, 6, 25, -61.997327240460585],
[24, 0, 19, 1, 2, 3, 18, 4, 18, 5, 6, 25, -50.56965642171899],
[24, 9, 19, 1, 2, 3, 18, 4, 18, 5, 6, 25, -53.12164994291848],
[24, 0, 1, 2, 2, 2, 3, 18, 4, 4, 18, 5, 6, 25, -73.92187884497085],
[24, 19, 1, 2, 2, 2, 3, 18, 4, 4, 18, 5, 6, 25, -74.97041588659236],
[24, 0, 19, 1, 2, 3, 18, 4, 4, 18, 5, 6, 25, -70.94827027995954],
[24, 8, 9, 1, 2, 3, 18, 4, 4, 18, 5, 6, 25, -72.27325572294394],
[24, 16, 0, 19, 1, 1, 2, 3, 18, 4, 18, 5, 6, 25, -75.45459331131069],
[24, 8, 9, 19, 1, 1, 2, 3, 18, 4, 18, 5, 6, 25, -75.64319240351823],
[24, 0, 18, 8, 9, 18, 2, 2, 3, 18, 4, 18, 5, 6, 25, -79.55782082236264],
[24, 9, 18, 8, 9, 18, 2, 2, 3, 18, 4, 18, 5, 6, 25, -80.01577400246116],
[24, 0, 19, 1, 2, 3, 18, 4, 4, 18, 5, 6, 25, -60.24167993282755],
[24, 8, 9, 1, 2, 3, 18, 4, 4, 18, 5, 6, 25, -61.56666537581196],
[24, 0, 19, 1, 2, 18, 4, 18, 5, 6, 25, -63.206213499342965],
[24, 0, 19, 1, 3, 18, 4, 18, 5, 6, 25, -63.263138063425856],
[24, 0, 19, 1, 2, 3, 18, 4, 18, 5, 6, 25, -58.61847068751436],
[24, 9, 19, 1, 2, 3, 18, 4, 18, 5, 6, 25, -61.170464208713845],
[24, 0, 19, 2, 3, 18, 4, 18, 5, 6, 25, -69.06528910789815],
[24, 0, 19, 12, 3, 18, 4, 18, 5, 6, 25, -69.20358166910218],
[24, 0, 19, 1, 2, 3, 18, 4, 4, 18, 5, 6, 25, -65.91641292105788],
[24, 9, 19, 1, 2, 3, 18, 4, 4, 18, 5, 6, 25, -68.46840644225738],
[24, 0, 19, 1, 2, 3, 18, 4, 18, 5, 6, 25, -50.320993150434084],
[24, 9, 19, 1, 2, 3, 18, 4, 18, 5, 6, 25, -52.87298667163357],
[24, 2, 3, 18, 4, 18, 5, 6, 25, -42.09602663600471],
[24, 8, 3, 18, 4, 18, 5, 6, 25, -42.1459080367051],
[24, 0, 19, 1, 2, 3, 18, 4, 18, 5, 6, 25, -57.099466774787025],
[24, 9, 19, 1, 2, 3, 18, 4, 18, 5, 6, 25, -59.6514602959865],
[24, 0, 1, 2, 3, 18, 4, 18, 5, 6, 25, -46.16609346609039],
[24, 19, 1, 2, 3, 18, 4, 18, 5, 6, 25, -47.21463050771191],
[24, 1, 2, 3, 18, 1, 2, 18, 4, 18, 5, 6, 25, -72.14212691254828],
[24, 10, 2, 3, 18, 1, 2, 18, 4, 18, 5, 6, 25, -73.80328153622123],
[24, 8, 8, 9, 18, 4, 18, 5, 6, 25, -55.43504994195047],
[24, 1, 2, 3, 18, 4, 18, 5, 6, 25, -56.25426023864232],
[24, 1, 2, 3, 18, 1, 20, 1, 2, 3, 18, 4, 4, 18, 5, 6, 25, -90.31990749732773],
[24, 8, 4, 4, 18, 1, 20, 1, 2, 3, 18, 4, 4, 18, 5, 6, 25, -90.56954600042639],
[24, 1, 2, 2, 3, 18, 4, 18, 5, 6, 25, -57.58994915035009],
[24, 10, 2, 2, 3, 18, 4, 18, 5, 6, 25, -59.25110377402305],
[24, 1, 2, 2, 2, 2, 2, 3, 18, 4, 18, 5, 6, 25, -87.38913040942698],
[24, 8, 9, 2, 2, 2, 2, 3, 18, 4, 18, 5, 6, 25, -87.83411323573776],
[24, 8, 8, 9, 18, 4, 18, 5, 6, 25, -52.719237418638855],
[24, 1, 2, 3, 18, 4, 18, 5, 6, 25, -53.538447715330705],
[24, 1, 2, 20, 2, 2, 3, 18, 4, 18, 5, 6, 25, -75.17549923581448],
[24, 16, 0, 20, 2, 2, 3, 18, 4, 18, 5, 6, 25, -75.67697305344238],
[24, 0, 1, 2, 3, 18, 4, 18, 5, 6, 25, -51.75431461630585],
[24, 19, 1, 2, 3, 18, 4, 18, 5, 6, 25, -52.80285165792736],
[24, 2, 3, 18, 4, 18, 5, 6, 25, -41.6699207687882],
[24, 8, 3, 18, 4, 18, 5, 6, 25, -41.7198021694886],
[24, 0, 19, 1, 2, 3, 18, 4, 18, 5, 6, 25, -56.68858910993885],
[24, 9, 19, 1, 2, 3, 18, 4, 18, 5, 6, 25, -59.24058263113833],
[24, 1, 2, 3, 18, 4, 18, 5, 6, 25, -49.561123494508934],
[24, 10, 2, 3, 18, 4, 18, 5, 6, 25, -51.222278118181904],
[24, 1, 2, 2, 3, 18, 1, 2, 3, 18, 4, 4, 18, 5, 6, 25, -93.08913381658303],
[24, 10, 2, 2, 3, 18, 1, 2, 3, 18, 4, 4, 18, 5, 6, 25, -94.750288440256],
[24, 16, 0, 19, 1, 2, 3, 18, 4, 18, 5, 6, 25, -61.27281244521978],
[24, 0, 1, 19, 1, 2, 3, 18, 4, 18, 5, 6, 25, -62.31987326100391],
[24, 0, 19, 1, 2, 3, 18, 4, 18, 5, 6, 25, -51.50002775099704],
[24, 9, 19, 1, 2, 3, 18, 4, 18, 5, 6, 25, -54.052021272196534],
[24, 0, 19, 1, 2, 3, 18, 4, 18, 5, 6, 25, -52.50741511366613],
[24, 9, 19, 1, 2, 3, 18, 4, 18, 5, 6, 25, -55.05940863486561],
[24, 2, 3, 18, 4, 18, 5, 6, 25, -44.543155752099665],
[24, 8, 3, 18, 4, 18, 5, 6, 25, -44.59303715280006],
[24, 8, 8, 9, 18, 4, 18, 5, 6, 25, -54.962045513474024],
[24, 1, 2, 3, 18, 4, 18, 5, 6, 25, -55.781255810165874],
[24, 0, 19, 1, 2, 3, 18, 4, 18, 5, 6, 25, -55.04819253478041],
[24, 9, 19, 1, 2, 3, 18, 4, 18, 5, 6, 25, -57.600186055979904],
[24, 0, 19, 1, 20, 1, 2, 2, 20, 2, 3, 18, 4, 18, 5, 6, 25, -119.20619562871903],
[24, 8, 9, 1, 20, 1, 2, 2, 20, 2, 3, 18, 4, 18, 5, 6, 25, -120.53118107170343],
[24, 0, 19, 1, 2, 3, 18, 4, 18, 5, 6, 25, -50.85324603329972],
[24, 9, 19, 1, 2, 3, 18, 4, 18, 5, 6, 25, -53.40523955449921],
[24, 0, 1, 2, 3, 18, 4, 4, 18, 5, 6, 25, -58.93493056527702],
[24, 19, 1, 2, 3, 18, 4, 4, 18, 5, 6, 25, -59.983467606898536],
[24, 0, 19, 1, 2, 3, 18, 4, 18, 5, 6, 25, -65.7419611085753],
[24, 0, 19, 2, 2, 3, 18, 4, 18, 5, 6, 25, -66.83876405079934],
[24, 2, 3, 18, 4, 18, 5, 6, 25, -45.50406775316821],
[24, 8, 3, 18, 4, 18, 5, 6, 25, -45.5539491538686],
[24, 0, 1, 2, 3, 18, 4, 4, 4, 4, 4, 18, 5, 6, 25, -85.6096721148282],
[24, 19, 1, 2, 3, 18, 4, 4, 4, 4, 4, 18, 5, 6, 25, -86.65820915644971],
[24, 0, 19, 1, 2, 3, 18, 4, 18, 5, 6, 25, -60.06108440267953],
[24, 9, 19, 1, 2, 3, 18, 4, 18, 5, 6, 25, -62.61307792387902],
[24, 2, 3, 18, 4, 18, 5, 6, 25, -38.86472829113796],
[24, 8, 3, 18, 4, 18, 5, 6, 25, -38.91460969183835],
[24, 0, 19, 1, 18, 4, 4, 18, 5, 6, 25, -56.99022955932032],
[24, 8, 8, 9, 18, 4, 4, 18, 5, 6, 25, -57.462259517809024],
[24, 0, 19, 1, 20, 1, 2, 3, 18, 4, 18, 5, 6, 25, -72.6346652661331],
[24, 8, 9, 1, 20, 1, 2, 3, 18, 4, 18, 5, 6, 25, -73.95965070911751],
[24, 0, 1, 2, 2, 2, 3, 18, 4, 18, 5, 6, 25, -74.45664744025565],
[24, 19, 1, 2, 2, 2, 3, 18, 4, 18, 5, 6, 25, -75.50518448187715],
[24, 2, 3, 18, 4, 18, 5, 6, 25, -44.45122388315245],
[24, 8, 3, 18, 4, 18, 5, 6, 25, -44.50110528385285],
[24, 8, 9, 1, 2, 3, 18, 4, 18, 5, 6, 25, -55.3461010010974],
[24, 0, 19, 1, 2, 3, 18, 4, 18, 5, 6, 25, -57.016847831666986],
[24, 0, 19, 1, 2, 3, 18, 4, 18, 5, 6, 25, -54.785517122444126],
[24, 1, 2, 1, 2, 3, 18, 4, 18, 5, 6, 25, -55.9668909561833],
[24, 2, 3, 18, 4, 18, 5, 6, 25, -49.545420061233415],
[24, 8, 3, 18, 4, 18, 5, 6, 25, -49.5953014619338],
[24, 0, 19, 1, 2, 3, 18, 4, 4, 18, 5, 6, 25, -63.913879689451385],
[24, 9, 19, 1, 2, 3, 18, 4, 4, 18, 5, 6, 25, -66.46587321065088],
[24, 2, 3, 18, 4, 4, 18, 5, 6, 25, -48.018279615695306],
[24, 8, 3, 18, 4, 4, 18, 5, 6, 25, -48.06816101639569],
[24, 8, 8, 9, 19, 1, 18, 4, 4, 18, 5, 6, 25, -93.23348468803701],
[24, 8, 8, 8, 8, 9, 18, 4, 4, 18, 5, 6, 25, -93.39254044437602],
[24, 2, 3, 18, 4, 18, 5, 6, 25, -42.796017552066],
[24, 8, 3, 18, 4, 18, 5, 6, 25, -42.84589895276639],
[24, 0, 19, 1, 2, 3, 18, 4, 4, 18, 5, 6, 25, -63.61774196995776],
[24, 9, 19, 1, 2, 3, 18, 4, 4, 18, 5, 6, 25, -66.16973549115725],
